camera_matrix: [915.828857, 0.000000, 644.015094, 0.000000,
0.000000, 925.069885, 372.912666, 0.000000,
0.000000, 0.000000, 1.000000, 0.000000,]

rlc:  [   1.0  ,0.0 ,0.0,  
  0.0 , 1.0   ,0.0,  
 0.0 , 0.0    ,1.0 ]

tlc: [ 0.0, 0.0, 0.0]






