camera_matrix: [1545, 0.000000, 350, 0.000000,
0.000000, 1545, 332, 0.000000,
0.000000, 0.000000, 1.000000, 0.000000,]

rlc:  [0.1376, 2.1089, -3.072,
       4.705, 2.6378, 1.598,
       0.0004109, 0.0078459, 0.005856]

tlc: [2.355, 3.025, 0.01] 






